+--------+--------+---------+---------+--------+
| lenght | insert | minimum | maximum | search |
+========+========+=========+=========+========+
| 250    | 0.019  | 0       | 0       | 0      |
+--------+--------+---------+---------+--------+
| 500    | 0.030  | 0       | 0       | 0      |
+--------+--------+---------+---------+--------+
| 1000   | 0.066  | 0       | 0       | 0      |
+--------+--------+---------+---------+--------+
| 2500   | 0.167  | 0       | 0       | 0      |
+--------+--------+---------+---------+--------+
| 5000   | 0.302  | 0       | 0       | 0.000  |
+--------+--------+---------+---------+--------+
| 10000  | 0.620  | 0       | 0       | 0      |
+--------+--------+---------+---------+--------+
| 50000  | 3.053  | 0       | 0       | 0.001  |
+--------+--------+---------+---------+--------+