Value of items in 100 element bacpack: 2355
Execution time 0.13002300262451172
Backpack state:

   7   14   14   14   14   19   19   19   19   19   19   34   34   40   40   40   40   40   40   40   40   66   66   66   66   66   66   66   66   77   77   80   91   91   99   99   99   99   99  114  114  114  114  114  123  123  123  123  123  123  123  123  123  129  129  129  129  134  168  168  168  168  168  168  168  168  168  168  170  170  170  170  170  179  179  179  179  179  179  183  183  183  183  183  183  183  186  196  196  196  261  266  275  275  275  275  275  305  339  346 
 445   14   14   14   14   19   19   19   19   19   19   34   34   40   40   40   40   40   40   40   40   66   66   66   66   66   66   66   66   77   77   80   91   91   99   99   99   99   99  114  114  114  114  114  123  123  123  123  123  123  123  123  123  129  129  129  129  134  168  168  168  168  168  168  168  168  168  168  170  170  170  170  170  179  179  179  179  179  179  183  183  183  183  183  183  183  186  196  196  196  261  266  275  275  275  275  275  305  339  346 
 445   14   14   14   14   19   19   19   19   19   19   34   34   40   40   40   40   40   40   40   40   66   66   66   66   66   66   66   66   77   77   80   91   91   99   99   99   99   99  114  114  114  114  114  123  123  123  123  123  123  123  123  123  129  129  129  129  134  168  168  168  168  168  168  168  168  168  168  170  170  170  170  170  179  179  179  179  179  179  183  183  183  183  183  183  183  186  196  196  196   46  266  275  275  275  275  275  305  339  346 
 445   14   14   14   14   19   19   19   19   19   19   34   34   40   40   40   40   40   40   40   40   66   66   66   66   66   66   66   66   77   77   80   91   91   99   99   99   99   99  114  114  114  114  114  123  123  123  123  123  123  123  123  123  129  129  129  129  404  168  168  168  168  168  168  168  168  168  168  170  170  170  170  170  179  179  179  179  179  179  183  183  183  183  183  183  183  186  352  352  352   46  266  275  275  275  275  275  305  339  346 
 419   14   14   14   14   19   19   19   19   19   19   34   34   40   40   40   40   40   40   40   40   66   66   66   66   66   66   66   66   77   77   80  367  367   99   99   99   99   99  114  114  114  114  114  123  123  123  123  123  123  123  123  123  129  129  129  129  404  168  168  168  168  168  168  168  168  168  168  170  170  170  170  170  179  179  179  179  179  179  183  183  183  183  183  183  183  186  352  352  352   46  266  275  275  275  275  275  305  339  346 
 419   14   14   14   14   19   19   19   19   19   19  133  172   40   40   40   40   40   40   40   40   66   66   66   66   66   66   66   66   77   77   80  367  367   99   99   99   99   99  114  114  114  114  114  123  123  123  123  123  123  123  123  123  129  129  129  129  404  168  168  168  168  168  168  168  168  168  168  170  170  170  170  170  179  179  179  179  179  179  183  183  183  183  183  183  183  186  352  352  352   46  266  291  291  291  291  291  305  339  346 
 419   14   14   14   14   19   19   19   19   19   19  133  172   40   40   40   40   40   40   40   40   66   66   66   66   66   66   66   66  416  466   80  367  367   99   99   99   99   99  114  114  114  114  114  123  123  123  123  123  123  123  123  123  129  129  129  129  404  168  168  168  168  168  168  168  168  168  168  359  359  359  359  469  179  179  179  179  179  179  183  183  183  183  183  183  183  186  352  352  352   46  266  291  291  291  291  291  305  339  346 
 330  330  330  330  330  330  364  364  364  364  364  364  364   40   40   40   40   40   40   40   40   66   66   66   66   66   66   66   66  416  466   80  367  367   99   99   99   99   99  114  114  114  114  114  123  123  123  123  123  123  123  123  123  129  129  129  129  404  168  168  168  168  168  168  168  168  168  168  359  359  359  359  469  179  179  179  179  179  179  183  183  183  183  183  183  183  186  370  370  370  370  266  291  291  291  291  291  305  339  346 
 330  330  330  330  330  330  364  364  364  364  364  364  364   40   40   40   40   40   40   40   40   66   66   66   66   66   66   66   66  416  466   80  367  367   99   99   99   99   99  389  389  389  267  442  123  123  123  123  123  123  123  123  123  402  402  402  402  404  168  168  168  168  168  168  168  168  168  168  359  359  359  359  469  179  179  179  179  179  179  183  183  183  183  183  183  183  186  370  370  370  370  103  291  291  291  291  291  223  339  358 
 330  330  330  330  330  330  364  364  364  364  364  364  364  375  375  375  375  375  375  375  375  375  400  400  400  400  400  400  216  416  466   80  367  367  433  433  433  433  433  389  389  389   58  442  123  123  123  123  123  123  123  123  123  402  402  402  402  404  168  168  168  168  168  168  168  168  168  168  359  359  359  359  469  179  179  179  179  179  179  434  434  434  434  434  451  451  315  370  370  370  370  103  291  291  291  291  291  223  339  358 
 330  330  330  330  330  330  364  364  364  364  364  364  364  375  375  375  375  375  375  375  375  375  400  400  400  400  400  400  216  416  466  373  367  367  433  433  433  433  433  389  389  389  439  439  439  439  439  439  439  439  439    8    8  402  402  402  402  404  455  455  455  455   30   30   30   47   47  374  359  359  359  359  469   49   49   49  101  101  101  434  434  434  434  434  451  451  315  370  370  370  370  103  291  291  291  291  291  107  107  358 
 330  330  330  330  330  330  364  364  364  364  364  364  364  375  375  375  375  375  375  375  375  375  400  400  400  400  400  400  216  416  466  373  367  367  433  433  433  433  433  389  389  389  439  439  439  439  439  439  439  439  439    8    8  402  402  402  402  404  455  455  455  455   30   30   30   47   47  374  359  359  359  359  469   49   49   49  101  101  101  434  434  434  434  434  451  451  435  370  370  370  370  103  291  291  291  291  291  107  107  358 
 330  330  330  330  330  330  364  364  364  364  364  364  364  375  375  375  375  375  375  375  375  375  400  400  400  400  400  400  216  416  466  373  367  367  433  433  433  433  433  389  389  389  439  439  439  439  439  439  439  439  439    8    8  402  402  402  402  404  455  455  455  455   30   30   30   47   47  374  359  359  359  359  469   49   49   49  101  101  101  434  434  434  434  434  451  451  435  370  370  370  370  103  291  291  291  291  291  107  107  119 
 330  330  330  330  330  330  364  364  364  364  364  364  364  375  375  375  375  375  375  375  375  375  400  400  400  400  400  400  278  416  466  115  367  367  433  433  433  433  433  389  389  389  439  439  439  439  439  439  439  439  439  235  235  402  402  402  402    0  455  455  455  455   30   30   30   47   47  374  359  359  359  359  469   49   49   49  101  101  101  434  434  434  434  434   51   51   51   51   51   51    0  103  291  291  291  291  291  221  221  221 
 330  330  330  330  330  330  364  364  364  364  364  364  364  375  375  375  375  375  375  375  375  375  400  400  400  400  400  400   57   57   57   57   57   57  433  433  433  433  433  389  389  389  439  439  439  439  439  439  439  439  439   76   76   76   76  112  112  112  455  455  455  455   30   30   30   47   47  374  359  359  359  359  469   49   49   49  101  101  101  434  434  434  434  434   51   51   51   51   51   51   81   81   81   81   81   81   81   81   81   81 
 330  330  330  330  330  330   88   88   88   88   88  269  269  375  375  375  375  375  375  375  375  375  400  400  400  400  400  400   57   57   57   57   57   57  433  433  433  433  433  389  389  389  439  439  439  439  439  439  439  439  439   76   76   76   76  112  112  112  455  455  455  455   30   30   30   89   89   89   89   89   89  475  469   49   49   49  101  101  101  434  434  434  434  434   51   51   51   51   51   51   81   81   81   81   81   81   81   81   81   81 
 106  106  106  106  106  159   88   88   88   88   88  269  269  375  375  375  375  375  375  375  375  375  118  118  118  124  124  191   57   57   57   57   57   57  433  433  433  433  433  274  274  274  439  439  439  439  439  439  439  439  439   76   76   76   76  112  112  112  455  455  455  455   30   30   30   89   89   89   89   89   89  475    0   49   49   49  101  101  101  434  434  434  434  434   51   51   51   51   51   51   81   81   81   81   81   81   81   81   81   81 
 106  106  106  106  106  159   88   88   88   88   88  292  292  375  375  375  375  375  375  375  375  375  118  118  118  124  124  191   57   57   57   57   57   57   98   98   98   98   98   98   98   98  439  439  439  439  439  439  439  439  439   76   76   76   76  112  112  112  455  455  455  455   30   30   30   89   89   89   89   89   89  128  128  128  187  187  101  101  101  141  141  141  141  141   51   51   51   51   51   51   81   81   81   81   81   81   81   81   81   81 
 106  106  106  106  106  159   88   88   88   88   88  292  292  375  375  375  375  375  375  375  375  375  118  118  118  124  124  191   57   57   57   57   57   57   98   98   98   98   98   98   98   98  439  439  439  439  439  439  439  439  439   76   76   76   76  112  112  112  470  470  470  470   30   30   30   89   89   89   89   89   89  128  128  128  187  187  101  101  101  141  141  141  141  141   51   51   51   51   51   51   81   81   81   81   81   81   81   81   81   81 
 106  106  106  106  106  159   88   88   88   88   88  122  122  122  122  122  122  197  197  197  197  409  118  118  118  124  124  191   57   57   57   57   57   57   98   98   98   98   98   98   98   98  125  125  125  125  125  125  125  327  327   76   76   76   76  112  112  112  470  470  470  470   30   30   30   89   89   89   89   89   89  128  128  128  187  187  217  217  217  141  141  141  141  141   51   51   51   51   51   51   81   81   81   81   81   81   81   81   81   81 
 106  106  106  106  106  159   88   88   88   88   88  122  122  122  122  122  122  197  197  197  197  409  118  118  118  124  124  191   57   57   57   57   57   57   98   98   98   98   98   98   98   98  125  125  125  125  125  125  125  226  226  226  226  272  272  112  112  112  145  145  145  145  145  145  145   89   89   89   89   89   89  128  128  128  187  187  217  217  217  141  141  141  141  141   51   51   51   51   51   51   81   81   81   81   81   81   81   81   81   81 
 106  106  106  106  106  159   88   88   88   88   88  122  122  122  122  122  122  197  197  197  197  409  118  118  118  124  124  191  256  256  256  256  256  256   98   98   98   98   98   98   98   98  125  125  125  125  125  125  125  226  226  226  226  272  272  112  112  112  145  145  145  145  145  145  145   89   89   89   89   89   89  128  128  128  187  187  217  217  217  141  141  141  141  141   51   51   51   51   51   51   81   81   81   81   81   81   81   81   81   81 
 277  277  277  277  277  159   88   88   88   88   88  122  122  122  122  122  122  197  197  197  197  409  118  118  118    0    0  191  256  256  256  256  256  256   98   98   98   98   98   98   98   98  125  125  125  125  125  125  125  226  226  226  226  272  272  290  290  290  145  145  145  145  145  145  145   89   89   89   89   89   89  128  128  128  187  187  217  217  217  141  141  141  141  141  294  294  294  299  299  303   81   81   81   81   81   81   81   81   81   81 
 277  277  277  277  277  159   88   88   88   88   88  122  122  122  122  122  122  197  197  197  197  229  229  229  229  229  229  229  256  256  256  256  256  256   98   98   98   98   98   98   98   98  125  125  125  125  125  125  125  226  226  226  226  272  272  290  290  290  145  145  145  145  145  145  145   89   89   89   89   89   89  128  128  128  187  187  328  328  351  141  141  141  141  141  294  294  294  299  299  303   81   81   81   81   81   81   81   81   81   81 
 277  277  277  277  277  384   88   88   88   88   88  122  122  122  122  122  122  197  197  197  197  229  229  229  229  229  229  229  256  256  256  256  256  256   98   98   98   98   98   98   98   98  125  125  125  125  125  125  125  226  226  226  226  272  272  290  290  290  145  145  145  145  145  145  145   89   89   89   89   89   89    0    0  427  187  187  328  328  351  141  141  141  141  141  294  294  294  299  299  303  372  372  372  372  388  388  388  388  444  210 
 277  277  277  277  277  384  422  422  422  477  477  122  122  122  122  122  122  197  197  197  197  229  229  229  229  229  229  229  256  256  256  256  256  256   98   98   98   98   98   98   98   98  125  125  125  125  125  125  125  226  226  226  226  272  272  290  290  290  145  145  145  145  145  145  145  378  378  378  378  378  378  378  378  427  187  187  328  328  351  141  141  141  141  141  294  294  294  299  299  303  372  372  372  372  388  388  388  388  444  210 
 277  277  277  277  277  384  422  422  422  477  477  122  122  122  122  122  122  429  429  429  473  229  229  229  229  229  229  229  256  256  256  256  256  256   98   98   98   98   98   98   98   98  125  125  125  125  125  125  125  226  226  226  226  272  272  467  467  467  145  145  145  145  145  145  145  378  378  378  378  378  378  378  378  427   87   87  328  328  351  141  141  141  141  141  294  294  294  299  299  303  372  372  372  372  388  388  388  388  444  210 
 277  277  277  277  277  384  422  422  422  477  477  122  122  122  122  122  122  429  429  429  473  229  229  229  229  229  229  229  256  256  256  256  256  256  447  447  447  447  487  487  487  487  125  125  125  125  125  125  125   44   44   44  224  272  272  467  467  467  145  145  145  145  145  145  145  378  378  378  378  378  378  378  378  427   87   87  328  328  351  395  395  395  395  395  294  294  294    0   85  303  372  372  372  372  388  388  388  388  444  210 
 277  277  277  277  277  384  422  422  422  477  477  122  122  122  122  122  122  429  429  429  473  229  229  229  229  229  229  229  256  256  256  256  256  256  447  447  447  447  487  487  487  487  125  125  125  125  125  125  125   44   44   44  224  272  272  467  467  467  145  145  145  145  145  145  145  378  378  378  378  378  378  378  378  427   87   87  328  328  351  468  468  468  468  468  468  111  111  111   85  303  372  372  372  372  388  388  388  388  444  210 
 277  277  277  277  277  384  422  422  422  477  477   12   12   12   12   12    0  429  429  429  473  229  229  229  229  229  229  229  256  256  256  256  256  256  447  447  447  447  487  487  487  487   39   39   39   39   39   92   92   92   92   92  224  272  272  467  467  467  145  145  145  145  145  145  145  378  378  378  378  378  378  378  378  427   87   87  328  328  351  468  468  468  468  468  468  111  111  111   85    0  372  372  372  372  388  388  388  388  444  210 
 277  277  277  277  277  384  422  422  422  477  477   12   12   12   12   12  157  157  157  195  473  229  229  229  229  229  229  229  178  178  178   45   45   45  447  447  447  447  487  487  487  487   39   39   39   39   39   92   92   92   92   92  224  258    0  467  467  467  152  152  152  152  152  152  152  378  378  378  378  378  378  378  378  312   87   87  328  328    0  468  468  468  468  468  468  111  111  111  184  184  184  184  184  184  388  388  388  388  444  210 
 277  277  277  277  277  384  422  422  422  477  477   12   12   12   12   12  157  157  157  195  473  229  229  229  229  229  229  229  178  178  178   45   45   45  447  447  447  447  487  487  487  487   39   39   39   39   39   92   92   92   92   92  224  258    0  467  467  467  152  152  152  152  152  152  152  378  378  378  378  378  378  378  378  312   87   87  255  255  255  468  468  468  468  468  468  111  111  111  184  184  184  184  184  184  388  388  388  388  444  210 
 198  198  198  198    0  384  241  241  241  477  477   12   12   12   12   12  157  157  157  195  473  229  229  229  229  229  229  229  178  178  178   45   45   45  447  447  447  447  117  117  338  338   39   39   39   39   39   92   92   92   92   92  224  258  302  302  302  171  152  152  152  152  152  152  152  378  378  378  378  378  378  378  378  312   87   87  255  255  255  468  468  468  468  468  468  111  111  111  184  184  184  184  184  184  388  388  388  388    0   36 
 198  198  198  198    0  384  270  270  270  270  270   12   12   12   12   12  157  157  157  199  199  199  199  199  199  199  199  199  178  178  178   45   45   45  447  447  447  447  117  117  338  338   39   39   39   39   39   92   92   92   92   92  224  258  302  302  302  171  152  152  152  152  152  152  152  378  378  378  378  378  378  378  378  312  362  362  255  255  255  468  468  468  468  468  468  111  111  111  184  184  184  184  184  184  279  279  279  279  279   36 
 198  198  198  198  471  471  270  270  270  270  270   12   12   12   12   12  157  157  157  199  199  199  199  199  199  199  199  199  178  178  178   45   45   45  447  447  447  447    0    0  338  338   39   39   39   39   39   92   92   92   92   92  224  258  302  302  302  171  152  152  152  152  152  152  152  378  378  378  378  378  378  378  378  312  362  362  255  255  255  468  468  468  468  468  468  111  111  111  184  184  184  184  184  184  279  279  279  279  279   36 
 198  198  198  198  471  471  270  270  270  270  270   12   12   12   12   12  157  157  157  199  199  199  199  199  199  199  199  199  178  178  178  242  242  242  242  242  242  242  242  242  338  338   39   39   39   39   39   92   92   92   92   92  224  258  302  302  302  171  152  152  152  152  152  152  152  313  313  313  313  313  313  313   17  312  362  362  255  255  255  468  468  468  468  468  468  111  111  111  184  184  184  184  184  184  279  279  279  279  279   36 
 198  198  198  198  471  471  270  270  270  270  270   12   12   12   12   12  157  157  157  199  199  199  199  199  199  199  199  199  399  399  399  242  242  242  242  242  242  242  242  242  338  338  340  340  340  340  340   92   92   92   92   92  224  258  302  302  302    0  152  152  152  152  152  152  152  313  313  313  313  313  313  313   17  312  362  362  255  255  255  468  468  468  468  468  468  301  301  301    0  382  382  382  382  382  279  279  279  279  279   36 
 198  198  198  198  471  471  270  270  270  270  270  397  397  397  397  397  157  157  157  199  199  199  199  199  199  199  199  199  399  399  399  242  242  242  242  242  242  242  242  242  338  338  340  340  340  340  340   92   92   92   92   92    0  258  302  302  302  415  415  415  415  481  481  481  481  313  313  313  313  313  313  313   17  312  362  362  255  255  255  468  468  468  468  468  468  301  301  301    0  382  382  382  382  382  279  279  279  279  279   36 
 198  198  198  198  471  471  270  270  270  270  270  397  397  397  397  397  157  157  157  199  199  199  199  199  199  199  199  199  399  399  399  242  242  242  242  242  242  242  242  242  338  338  340  340  340  340  340   92   92   92   92   92  472  472  302  302  302  415  415  415  415  481  481  481  481  313  313  313  313  313  313  313   17  312  362  362  255  255  255  355  355  355  355  355  355  355  355  355  355  382  382  382  382  382  279  279  279  279  279   36 
   4    4    4  222  471  471  270  270  270  270  270  397  397  397  397  397  157  157  157  199  199  199  199  199  199  199  199  199  399  399  399  242  242  242  242  242  242  242  242  242  338  338  360  360  360  360  360  360  360  360  360   54  472  472  302  302  302  415  415  415  415  481  481  481  481  313  313  313  313  313  313  313   17  312  362  362  247  247  334  355  355  355  355  355  355  355  355  355  355  382  382  382  382  382  279  279  279  279  279   36 
   4    4    4  222  471  471  270  270  270  270  270  397  397  397  397  397  448  448  448  199  199  199  199  199  199  199  199  199  399  399  399  242  242  242  242  242  242  242  242  242  338  338  360  360  360  360  360  360  360  360  360   54  472  472  302  302  302  415  415  415  415  481  481  481  481  313  313  313  313  313  313  313   90   90   90   90  247  247  334  355  355  355  355  355  355  355  355  355  355  382  382  382  382  382  279  279  279  279  279  349 
   4    4    4  222  471  471  110  110  110  110  110  397  397  397  397  397  448  448  448  199  199  199  199  199  199  199  199  199  399  399  399  242  242  242  242  242  242  242  242  242  338  338  360  360  360  360  360  360  360  360  360   54    0    0  302  302  302  415  415  415  415  481  481  481  481  313  313  313  313  313  313  313   90   90   90   90  247  247  334  355  355  355  355  355  355  355  355  355  355  382  382  382  382  382  113  113  113  113  478  349 
   4    4    4  222  471  471  110  110  110  110  110  397  397  397  397  397  485  485  485  485  485  485  485  485  126  126  126  126  126   97   97  242  242  242  242  242  242  242  242  242   78    0  360  360  360  360  360  360  360  360  360  194  194  194  194  265  265  415  415  415  415  481  481  481  481  313  313  313  313  313  313  313   90   90   90   90  247  247  334  355  355  355  355  355  355  355  355  355  355  204  204  204  204  204  113  113  113  113  478  349 
   4    4    4  222  471  471  110  110  110  110  110  397  397  397  397  397  485  485  485  485  485  485  485  485  126  126  126  126  126   97   97  242  242  242  242  242  242  242  242  242   78    0  360  360  360  360  360  360  360  360  360  194  194  194  194  265  265  415  415  415  415  481  481  481  481  313  313  313  313  313  313  313   90   90   90   90  247  247  334  355  355  355  355  355  355  355  355  355  355  204  204  204  204  204  113  113  113  113  478  349 
   4    4    4  222  391  391  110  110  110  110  110  397  397  397  397  397  485  485  485  485  485  485  485  485  126  126  126  126  126    0    0  242  242  242  242  242  242  242  242  242   78    0  360  360  360  360  360  360  360  360  360  194  194  194  194  265  265  415  415  415  415  481  481  481  481  213  213  213  213  213  213  213   90   90   90   90  247  247  334  355  355  355  355  355  355  355  355  355  355  204  204  204  204  204  113  113  113  113  478  349 
   4    4    4  222  391  391  110  110  110  110  110  397  397  397  397  397  485  485  485  485  485  485  485  485  126  126  126  126  126  218  218  218  218  218  218  219  219  219  219  219  219  219  360  360  360  360  360  360  360  360  360  194  194  194  194  265  265  415  415  415  415  481  481  481  481  213  213  213  213  213  213  213   90   90   90   90  109  109  334  355  355  355  355  355  355  355  355  355  355  204  204  204  204  204  113  113  113  113  478  349 
   4    4    4  222  391  391  110  110  110  110  110  397  397  397  397  397  485  485  485  485  485  485  485  485  126  126  126  126  126  218  218  218  218  218  218  219  219  219  219  219  219  219  360  360  360  360  360  360  360  360  360  194  194  194  194  236  236  236  236    0    0  481  481  481  481  213  213  213  213  213  213  213   90   90   90   90  109  109  334  355  355  355  355  355  355  355  355  355  355  204  204  204  204  204  113  113  113  113  478  349 
 413  413    0  222  391  391  110  110  110  110  110  276  276  276  276  142  485  485  485  485  485  485  485  485  282  282  282  282  282  218  218  218  218  218  218  219  219  219  219  219  219  219  360  360  360  360  360  360  360  360  360  194  194  194  194  236  236  236  236  379  379  379  379  441  441  213  213  213  213  213  213  213   90   90   90   90  109  109  334  355  355  355  355  355  355  355  355  355  355  204  204  204  204  204  380  380  380  380  380  349 
 413  413  140  140  391  391  110  110  110  110  110  276  276  276  276  142  485  485  485  485  485  485  485  485  282  282  282  282  282  218  218  218  218  218  218  219  219  219  219  219  219  219  360  360  360  360  360  360  360  360  360  194  194  194  194  236  236  236  236  379  379  379  379  441  441  213  213  213  213  213  213  213   90   90   90   90  311  311  311  311  311  311  311  418  418  418  418  418  418  204  204  204  204  204  380  380  380  380  380  349 
 413  413  140  140  391  391  110  110  110  110  110  276  276  276  276  142  485  485  485  485  485  485  485  485  282  282  282  282  282  218  218  218  218  218  218  219  219  219  219  219  219  219  424  424  424  424  424  424  436  436  436  194  194  194  194  236  236  236  236  379  379  379  379  441  441  213  213  213  213  213  213  213  438  438  438  176  311  311  311  311  311  311  311  418  418  418  418  418  418  204  204  204  204  204  380  380  380  380  380  349 
 413  413  430  430  430  430  430  461  461  286  286  276  276  276  276  142  485  485  485  485  485  485  485  485  282  282  282  282  282  218  218  218  218  218  218  219  219  219  219  219  219  219  424  424  424  424  424  424  436  436  436  194  194  194  194  236  236  236  236  379  379  379  379  441  441  213  213  213  213  213  213  213  438  438  438  176  311  311  311  311  311  311  311  418  418  418  418  418  418   15   15   15   15    0  380  380  380  380  380  188 
 413  413  430  430  430  430  430  461  461  286  286  276  276  276  276  142  485  485  485  485  485  485  485  485  282  282  282  282  282   28   28   28   41   41   41  219  219  219  219  219  219  219  424  424  424  424  424  424  436  436  436   13   13   13   13   13   13   13    0  379  379  379  379  441  441  213  213  213  213  213  213  213  438  438  438  176  311  311  311  311  311  311  311  418  418  418  418  418  418   15   15   15   15    0  380  380  380  380  380  188 
  93   93  430  430  430  430  430  461  461  286  286  276  276  276  276   71   71   71   71   71   71   71   71   71  282  282  282  282  282   28   28   28   41   41   41  219  219  219  219  219  219  219  424  424  424  424  424  424  436  436  436   13   13   13   13   13   13   13    0  379  379  379  379  441  441  213  213  213  213  213  213  213  438  438  438  176  311  311  311  311  311  311  311  418  418  418  418  418  418   15   15   15   15   72   72   72   72   96   96  188 
  93   93  430  430  430  430  430  461  461   74   74   74   74   74   74   71   71   71   71   71   71   71   71   71   79   79   79   79  425   28   28   28   41   41   41  100  100  100  100  100  100  100  424  424  424  424  424  424  436  436  436   13   13   13   13   13   13   13  336  336  336  336  336  441  441    0    0  108  108  108  108    0  438  438  438  176  311  311  311  311  311  311  311  418  418  418  418  418  418   15   15   15   15   72   72   72   72   96   96  188 
  93   93  430  430  430  430  430  461  461   74   74   74   74   74   74   71   71   71   71   71   71   71   71   71   79   79   79   79  425   28   28   28   41   41   41  100  100  100  100  100  100  100  424  424  424  424  424  424  436  436  436   13   13   13   13   13   13   13  336  336  336  336  336  441  441    0    0  108  108  108  108    0  438  438  438  176  311  311  311  311  311  311  311  418  418  418  418  418  418   15   15   15   15   72   72   72   72   96   96  188 
  93   93  430  430  430  430  430  461  461   74   74   74   74   74   74   71   71   71   71   71   71   71   71   71   79   79   79   79  425   28   28   28   41   41   41  100  100  100  100  100  100  100  424  424  424  424  424  424  436  436  436   13   13   13   13   13   13   13   82   82   82   82   82   82   82   82   82  108  108  108  108  130  130  130  130  130  311  311  311  311  311  311  311  418  418  418  418  418  418   15   15   15   15   72   72   72   72   96   96  188 
  93   93  430  430  430  430  430  461  461   74   74   74   74   74   74   71   71   71   71   71   71   71   71   71   79   79   79   79  425   28   28   28   41   41   41  100  100  100  100  100  100  100  424  424  424  424  424  424  436  436  436   13   13   13   13   13   13   13   82   82   82   82   82   82   82   82   82  108  108  108  108  130  130  130  130  130  311  311  311  311  311  311  311  136  136  136  136    0    0   15   15   15   15   72   72   72   72   96   96  188 
  93   93  430  430  430  430  430    0    0   74   74   74   74   74   74   71   71   71   71   71   71   71   71   71   79   79   79   79  425   28   28   28   41   41   41  100  100  100  100  100  100  100  153  153  153  153  153  153  436  436  436   13   13   13   13   13   13   13   82   82   82   82   82   82   82   82   82  148  148  148  148  130  130  130  130  130  311  311  311  311  311  311  311  136  136  136  136    0    0   15   15   15   15   72   72   72   72   96   96  188 
  93   93  430  430  430  430  430    0    0   74   74   74   74   74   74   71   71   71   71   71   71   71   71   71   79   79   79   79  425   28   28   28   41   41   41  100  100  100  100  100  100  100  131  131  131  131  131  131  131  131  150  150  150  150  151  151  151  300   82   82   82   82   82   82   82   82   82  148  148  148  148  130  130  130  130  130  161  161  161  161  161  161  161  136  136  136  136  182  182  182  182  182  182   72   72   72   72   96   96  188 
  93   93  430  430  430  430  430    0    0   74   74   74   74   74   74   71   71   71   71   71   71   71   71   71   79   79   79   79    0   28   28   28   41   41   41  100  100  100  100  100  100  100  131  131  131  131  131  131  131  131  150  150  150  150  151  151  151  300   82   82   82   82   82   82   82   82   82  148  148  148  148  130  130  130  130  130  161  161  161  161  161  161  161  136  136  136  136  182  182  182  182  182  182  193  193  193  193   96   96  188 
  93   93  190  190  190  190  190  190  190  190  190  201  201  208  208   71   71   71   71   71   71   71   71   71  205  205  205  205  205   28   28   28   41   41   41  100  100  100  100  100  100  100  131  131  131  131  131  131  131  131  150  150  150  150  151  151  151  300   82   82   82   82   82   82   82   82   82  148  148  148  148  130  130  130  130  130  161  161  161  161  161  161  161  136  136  136  136  182  182  182  182  182  182  193  193  193  193   96   96  310 
 356  356  190  190  190  190  190  190  190  190  190  201  201  208  208   71   71   71   71   71   71   71   71   71  205  205  205  205  205  239  239  239  246  246  246  100  100  100  100  100  100  100  131  131  131  131  131  131  131  131  150  150  150  150  151  151  151  300   82   82   82   82   82   82   82   82   82  148  148  148  148  130  130  130  130  130  161  161  161  161  161  161  161  317  317  317  203  182  182  182  182  182  182  193  193  193  193  403  403  310 
 356  356  190  190  190  190  190  190  190  190  190  201  201  208  208  240  240  240  240  240  332  332  332  332  205  205  205  205  205  239  239  239  246  246  246  259  259  259  259  259  385  385  131  131  131  131  131  131  131  131  150  150  150  150  151  151  151  300   82   82   82   82   82   82   82   82   82  363  363  363  363  130  130  130  130  130  161  161  161  161  161  161  161  317  317  317  203  182  182  182  182  182  182  193  193  193  193  403  403  310 
 356  356  190  190  190  190  190  190  190  190  190  201  201  208  208  240  240  240  240  240  332  332  332  332  205  205  205  205  205  239  239  239  246  246  246  259  259  259  259  259  385  385  131  131  131  131  131  131  131  131  150  150  150  150  151  151  151  300   82   82   82   82   82   82   82   82   82  280  280  280  280  280  366  366  366  244  161  161  161  161  161  161  161  317  317  317  203  182  182  182  182  182  182  193  193  193  193  403  403  310 
 356  356  190  190  190  190  190  190  190  190  190  201  201  208  208  240  240  240  240  240  332  332  332  332  205  205  205  205  205  239  239  239  246  246  246  259  259  259  259  259  385  385  131  131  131  131  131  131  131  131    0    0    0    0  151  151  151  300   82   82   82   82   82   82   82   82   82  280  280  280  280  280  366  366  366  244  161  161  161  161  161  161  161  317  317  317  203  182  182  182  182  182  182  193  193  193  193  403  403  310 
 356  356  190  190  190  190  190  190  190  190  190  201  201  208  208  240  240  240  240  240  332  332  332  332  205  205  205  205  205  239  239  239  246  246  246  259  259  259  259  259  385  385  131  131  131  131  131  131  131  131  316  316  316  316  316  316    0  300  322  322  322  322  322  322  322    0    0  280  280  280  280  280  366  366  366  244  161  161  161  161  161  161  161  317  317  317    0  182  182  182  182  182  182  193  193  193  193  403  403  310 
 356  356  190  190  190  190  190  190  190  190  190  201  201  208  208  240  240  240  240  240  332  332  332  332  205  205  205  205  205  239  239  239  246  246  246  259  259  259  259  259  385  385  131  131  131  131  131  131  131  131  316  316  316  316  316  316   84   84  322  322  322  322  322  322  322    0    0  280  280  280  280  280  366  366  366  244  161  161  161  161  161  161  161  317  317  317  323  323  323  323  323    0    0  193  193  193  193  403  403  310 
 356  356  190  190  190  190  190  190  190  190  190    0    0  208  208  240  240  240  240  240  332  332  332  332    0    0    0    0    0  239  239  239    0    0    0  259  259  259  259  259  385  385  131  131  131  131  131  131  131  131  316  316  316  316  316  316   84   84  322  322  322  322  322  322  322    0    0  280  280  280  280  280  366  366  366  244  161  161  161  161  161  161  161    0    0    0  323  323  323  323  323  345  345  345  345  345  345  345  345  310 
 356  356  190  190  190  190  190  190  190  190  190    0    0  208  208  240  240  240  240  240  394  394  394  394  394  394  394  394  394  414  414  414  414    0    0  259  259  259  259  259  385  385  428  428  428  428  428   52   52   52  316  316  316  316  316  316   84   84  322  322  322  322  322  322  322  453  453  453  453  453    0    0  366  366  366  474  474  474  474  474  474   35   35   35   35   35  323  323  323  323  323  345  345  345  345  345  345  345  345  310 
 356  356  190  190  190  190  190  190  190  190  190    0    0  208  208  240  240  240  240  240  394  394  394  394  394  394  394  394  394  414  414  414  414    0    0  259  259  259  259  259  385  385  428  428  428  428  428   52   52   52  316  316  316  316  316  316   84   84  322  322  322  322  322  322  322  453  453  453  453  453    0    0  366  366  366  474  474  474  474  474  474   35   35   35   35   35  323  323  323  323  323  345  345  345  345  345  345  345  345  248 
 356  356   11   11   11   11   11   11   11   11   53   53   53   53    0  240  240  240  240  240  394  394  394  394  394  394  394  394  394  414  414  414  414   60   60   60   60   60   60   60   60   60  428  428  428  428  428   52   52   52  316  316  316  316  316  316   84   84  322  322  322  322  322  322  322  453  453  453  453  453    0    0  366  366  366  474  474  474  474  474  474   35   35   35   35   35  323  323  323  323  323  345  345  345  345  345  345  345  345  248 
 132  132   11   11   11   11   11   11   11   11   53   53   53   53   75   75   75   75   75   75  394  394  394  394  394  394  394  394  394  414  414  414  414   60   60   60   60   60   60   60   60   60  428  428  428  428  428   52   52   52  316  316  316  316  316  316    0    0  322  322  322  322  322  322  322  453  453  453  453  453  121  121  121  155  155  474  474  474  474  474  474   35   35   35   35   35  323  323  323  323  323  345  345  345  345  345  345  345  345  248 
 132  132   11   11   11   11   11   11   11   11   53   53   53   53   75   75   75   75   75   75  394  394  394  394  394  394  394  394  394  414  414  414  414   60   60   60   60   60   60   60   60   60  428  428  428  428  428    0    0    0  316  316  316  316  316  316   67   67   67   67   67   67   67    0    0  453  453  453  453  453  121  121  121  155  155  474  474  474  474  474  474   35   35   35   35   35  323  323  323  323  323  345  345  345  345  345  345  345  345  248 
 132  132   11   11   11   11   11   11   11   11   53   53   53   53   75   75   75   75   75   75  394  394  394  394  394  394  394  394  394  414  414  414  414   60   60   60   60   60   60   60   60   60  428  428  428  428  428  102  102  102  102  102  102  137  137  137   67   67   67   67   67   67   67    0    0  453  453  453  453  453  121  121  121  155  155  474  474  474  474  474  474   35   35   35   35   35  158  158  158  189  189  345  345  345  345  345  345  345  345  248 
 132  132   11   11   11   11   11   11   11   11   53   53   53   53   75   75   75   75   75   75  394  394  394  394  394  394  394  394  394  414  414  414  414   60   60   60   60   60   60   60   60   60  428  428  428  428  428  102  102  102  102  102  102  137  137  137   67   67   67   67   67   67   67   43   43   43   43   43   43   43  121  121  121  155  155  474  474  474  474  474  474   35   35   35   35   35  158  158  158  189  189  345  345  345  345  345  345  345  345  248 
 132  132   11   11   11   11   11   11   11   11   53   53   53   53   75   75   75   75   75   75  394  394  394  394  394  394  394  394  394  414  414  414  414   60   60   60   60   60   60   60   60   60  428  428  428  428  428  102  102  102  102  102  102  137  137  137   67   67   67   67   67   67   67  166  166  166  166  166  166  166  166    0    0  155  155  474  474  474  474  474  474  174  174  174  174  174  158  158  158  189  189  345  345  345  345  345  345  345  345  333 
 273  273   11   11   11   11   11   11   11   11    0    0    0    0   75   75   75   75   75   75  394  394  394  394  394  394  394  394  394  414  414  414  414   60   60   60   60   60   60   60   60   60  428  428  428  428  428  102  102  102  102  102  102  137  137  137   67   67   67   67   67   67   67  166  166  166  166  166  166  166  166  175  175  175  175  175  175  175  264  264  264  174  174  174  174  174  158  158  158  189  189  345  345  345  345  345  345  345  345  333 
 273  273   11   11   11   11   11   11   11   11  211  211  211  211  211  211  225  225  225  225  394  394  394  394  394  394  394  394  394  243  243  243  243   60   60   60   60   60   60   60   60   60  227  227  227  227  227  102  102  102  102  102  102  137  137  137   67   67   67   67   67   67   67  166  166  166  166  166  166  166  166  175  175  175  175  175  175  175  264  264  264  174  174  174  174  174  158  158  158  189  189  230  230  230  230  230  230  230  369  333 
 273  273   11   11   11   11   11   11   11   11  211  211  211  211  211  211  225  225  225  225  253  253  253  253  253  253  253  253  253  243  243  243  243   60   60   60   60   60   60   60   60   60  227  227  227  227  227  102  102  102  102  102  102  137  137  137   67   67   67   67   67   67   67  166  166  166  166  166  166  166  166  175  175  175  175  175  175  175  264  264  264  174  174  174  174  174  158  158  158  189  189  230  230  230  230  230  230  230  369  333 
 273  273   11   11   11   11   11   11   11   11  211  211  211  211  211  211  225  225  225  225  253  253  253  253  253  253  253  253  253  243  243  243  243   60   60   60   60   60   60   60   60   60  227  227  227  227  227  102  102  102  102  102  102  287  287  287  287  287  287  287  324  324  324  166  166  166  166  166  166  166  166  175  175  175  175  175  175  175    0    0    0  174  174  174  174  174  158  158  158  189  189  230  230  230  230  230  230  230  369  333 
 273  273  306  306  306  306  341  341  341  341  211  211  211  211  211  211  225  225  225  225  253  253  253  253  253  253  253  253  253  243  243  243  243  320  320  320  320  320  320  480  480  480  227  227  227  227  227  102  102  102  102  102  102  287  287  287  287  287  287  287  324  324  324  166  166  166  166  166  166  166  166  175  175  175  175  175  175  175  325  325  325  325  325  386  386  386  158  158  158  189  189  230  230  230  230  230  230  230  369  333 
 273  273  306  306  306  306  341  341  341  341  211  211  211  211  211  211  225  225  225  225  253  253  253  253  253  253  253  253  253  243  243  243  243  320  320  320  320  320  320  480  480  480  227  227  227  227  227  405  405  405  405  405  482  287  287  287  287  287  287  287  324  324  324  166  166  166  166  166  166  166  166  175  175  175  175  175  175  175  325  325  325  325  325  386  386  386    0    0    0  189  189  230  230  230  230  230  230  230  369  333 
 273  273  306  306  306  306  341  341  341  341  211  211  211  211  211  211  225  225  225  225  253  253  253  253  253  253  253  253  253  452  452  456  456  320  320  320  320  320  320  480  480  480  227  227  227  227  227  405  405  405  405  405  482  287  287  287  287  287  287  287  324  324  324  166  166  166  166  166  166  166  166  175  175  175  175  175  175  175  325  325  325  325  325  386  386  386    0    0    0  189  189  230  230  230  230  230  230  230  369  333 
 273  273  306  306  306  306  341  341  341  341  211  211  211  211  211  211  483  483  483  483  253  253  253  253  253  253  253  253  253  452  452  456  456  320  320  320  320  320  320  331  331  331  331  331  331  331  331  405  405  405  405  405  482  287  287  287  287  287  287  287  324  324  324  166  166  166  166  166  166  166  166  175  175  175  175  175  175  175  325  325  325  325  325  386  386  386    0    0    0    0    0  230  230  230  230  230  230  230  369    0 
 273  273  306  306  306  306  341  341  341  341  211  211  211  211  211  211  483  483  483  483  253  253  253  253  253  253  253  253  253  452  452  456  456  320  320  320  320  320  320  331  331  331  331  331  331  331  331  405  405  405  405  405  482  287  287  287  287  287  287  287  324  324  324  314  314  314  314  314  314  314  314  175  175  175  175  175  175  175  325  325  325  325  325  386  386  386  392  392  392  392  392  392  392  392  392    0    0    0  369    0 
   0    0  306  306  306  306  341  341  341  341  211  211  211  211  211  211  483  483  483  483  253  253  253  253  253  253  253  253  253  452  452  456  456  320  320  320  320  320  320  331  331  331  331  331  331  331  331  405  405  405  405  405  482  287  287  287  287  287  287  287  324  324  324  314  314  314  314  314  314  314  314  175  175  175  175  175  175  175  325  325  325  325  325    3    3    3  392  392  392  392  392  392  392  392  392  423  423  423  423  423 
   0    0  306  306  306  306   20   20   20   20  211  211  211  211  211  211  483  483  483  483  253  253  253  253  253  253  253  253  253  452  452  456  456  320  320  320  320  320  320  331  331  331  331  331  331  331  331  405  405  405  405  405  482  287  287  287  287  287  287  287  324  324  324  421  421  421  421  421  421  421  421  421  421   31   31   31   31    0  325  325  325  325  325    3    3    3  392  392  392  392  392  392  392  392  392  423  423  423  423  423 
   0    0  306  306  306  306   20   20   20   20   21   21   21   21   21   21  483  483  483  483  253  253  253  253  253  253  253  253  253  452  452  456  456  320  320  320  320  320  320  331  331  331  331  331  331  331  331  405  405  405  405  405  482  287  287  287  287  287  287  287  324  324  324  421  421  421  421  421  421  421  421  421  421   31   31   31   31    0  325  325  325  325  325    3    3    3  392  392  392  392  392  392  392  392  392  423  423  423  423  423 
  55   55   55  192  192  326   20   20   20   20   21   21   21   21   21   21   33   33   33   33   33   33   33   33   59   59   59   59    0  452  452  456  456  105  105  105  105  105    0  331  331  331  331  331  331  331  331  405  405  405  405  405  482  287  287  287  287  287  287  287  324  324  324  421  421  421  421  421  421  421  421  421  421   31   31   31   31    0  325  325  325  325  325    3    3    3  392  392  392  392  392  392  392  392  392  423  423  423  423  423 
  55   55   55  192  192  326   20   20   20   20   21   21   21   21   21   21   33   33   33   33   33   33   33   33   59   59   59   59    0  452  452  456  456  105  105  105  105  105    0  331  331  331  331  331  331  331  331  405  405  405  405  405   68   68   68   68   68   68   68   68   68  354  228  421  421  421  421  421  421  421  421  421  421   31   31   31   31    0  325  325  325  325  325    3    3    3  392  392  392  392  392  392  392  392  392  423  423  423  423  423 
  55   55   55  192  192  326   20   20   20   20   21   21   21   21   21   21   33   33   33   33   33   33   33   33   59   59   59   59  250  250  250  456  456  105  105  105  105  105    0  331  331  331  331  331  331  331  331  405  405  405  405  405   68   68   68   68   68   68   68   68   68  354  228  421  421  421  421  421  421  421  421  421  421   31   31   31   31   69   69   69   69   69   69   69   69   69  392  392  392  392  392  392  392  392  392  423  423  423  423  423 
  55   55   55  192  192  326   20   20   20   20   21   21   21   21   21   21   33   33   33   33   33   33   33   33   59   59   59   59  250  250  250  456  456  105  105  105  105  105    0  331  331  331  331  331  331  331  331  149  149  149  149  149   68   68   68   68   68   68   68   68   68  354  228  421  421  421  421  421  421  421  421  421  421  202  202  202  202   69   69   69   69   69   69   69   69   69  392  392  392  392  392  392  392  392  392  423  423  423  423  423 
 251  251  251  192  192  326   20   20   20   20   21   21   21   21   21   21   33   33   33   33   33   33   33   33   59   59   59   59  250  250  250    0   70  105  105  105  105  105  173  173  173  173  173  173  173  146  146  149  149  149  149  149   68   68   68   68   68   68   68   68   68  354  228  421  421  421  421  421  421  421  421  421  421  202  202  202  202   69   69   69   69   69   69   69   69   69  392  392  392  392  392  392  392  392  392  423  423  423  423  423 
 251  251  251  192  192  326   20   20   20   20   21   21   21   21   21   21   33   33   33   33   33   33   33   33   59   59   59   59  250  250  250    0   70  105  105  105  105  105  173  173  173  173  173  173  173  146  146  149  149  149  149  149   68   68   68   68   68   68   68   68   68  354  228  421  421  421  421  421  421  421  421  421  421  202  202  202  202   69   69   69   69   69   69   69   69   69  392  392  392  392  392  392  392  392  392  423  423  423  423  423 
 251  251  251  192  192  326   20   20   20   20   21   21   21   21   21   21   33   33   33   33   33   33   33   33  233  233  233  233  233  233  233  233   70  105  105  105  105  105  173  173  173  173  173  173  173  146  146  149  149  149  149  149   68   68   68   68   68   68   68   68   68  354  228  421  421  421  421  421  421  421  421  421  421  202  202  202  202   69   69   69   69   69   69   69   69   69  234  234  234  234  234  234  234  234  234  321  321  321  321  344 
 251  251  251  192  192  326   20   20   20   20   21   21   21   21   21   21   33   33   33   33   33   33   33   33  233  233  233  233  233  233  233  233   70  105  105  105  105  105  173  173  173  173  173  173  173  146  146  149  149  149  149  149   68   68   68   68   68   68   68   68   68  354    0  421  421  421  421  421  421  421  421  421  421  202  202  202  202   69   69   69   69   69   69   69   69   69  234  234  234  234  234  234  234  234  234  321  321  321  321  344 
 251  251  251  192  192  326  368  368  368  368  383  383  383  383  383    0   33   33   33   33   33   33   33   33  233  233  233  233  233  233  233  233   70  105  105  105  105  105  173  173  173  173  173  173  173  146  146  149  149  149  149  149   68   68   68   68   68   68   68   68   68  354  412  412  412  412  412  412  412  412  412    0    0  202  202  202  202   69   69   69   69   69   69   69   69   69  234  234  234  234  234  234  234  234  234  321  321  321  321  344 
 251  251  251    0    0  326  368  368  368  368  383  383  383  383  383    0   33   33   33   33   33   33   33   33  233  233  233  233  233  233  233  233   70  105  105  105  105  105  173  173  173  173  173  173  173  146  146  149  149  149  149  149   68   68   68   68   68   68   68   68   68    0  412  412  412  412  412  412  412  412  412    0    0  202  202  202  202   69   69   69   69   69   69   69   69   69  234  234  234  234  234  234  234  234  234  321  321  321  321  344 
 251  251  251    0    0    0  368  368  368  368  383  383  383  383  383  185  185  185  185  185  185  185  185    0  233  233  233  233  233  233  233  233   70  484  484  484  484  484  173  173  173  173  173  173  173  146  146    0    0    0    0    0   68   68   68   68   68   68   68   68   68    0  412  412  412  412  412  412  412  412  412   86   86   86   86   86   86   69   69   69   69   69   69   69   69   69  212  212  212  212  212  212  212  212    0  321  321  321  321  344 
 251  251  251    0    0    0  368  368  368  368  383  383  383  383  383  396  396  396  396  396  396  396  396    0  233  233  233  233  233  233  233  233   70  484  484  484  484  484  173  173  173  173  173  173  173  146  146  426  426  426  426  426  426  426  446  446  446  446  446  446  446  446   29   29   29   29   29   29   29   29    0   86   86   86   86   86   86   69   69   69   69   69   69   69   69   69   73   73   73   73   73   73   73   73    0  321  321  321  321  344 