Value of items in 20 element bacpack: 136
Execution time 0.0009999275207519531
Backpack state:

  15   15   15   19   19   19   20   20   20   20   20   20   20   21   21    5    5    8    8    8 
  15   15   15   19   19   19   20   20   20   20   20   20   20   21   21    5    5    8    8    8 
  15   15   15   19   19   19   20   20   20   20   20   20   20   21   21    5    5    8    8    8 
  15   15   15   19   19   19   20   20   20   20   20   20   20   21   21    5    5    8    8    8 
  15   15   15   19   19   19   20   20   20   20   20   20   20   21   21    1   24    8    8    8 
  12   12   12   19   19   19   20   20   20   20   20   20   20   21   21    1   24    8    8    8 
  12   12   12   22   22   22   20   20   20   20   20   20   20   21   21    0    0    8    8    8 
  12   12   12   22   22   22   20   20   20   20   20   20   20   21   21   10   10   10   14   14 
  12   12   12   22   22   22   20   20   20   20   20   20   20   21   21   10   10   10   14   14 
  12   12   12    7    7    7    7    7    7    7    2    2    2    2    2   10   10   10   14   14 
  12   12   12    7    7    7    7    7    7    7    2    2    2    2    2   10   10   10   14   14 
  12   12   12    7    7    7    7    7    7    7    2    2    2    2    2   10   10   10   14   14 
  12   12   12    7    7    7    7    7    7    7    2    2    2    2    2   10   10   10   14   14 
   0    0    0    7    7    7    7    7    7    7    2    2    2    2    2   23   11   18   14   14 
   0    0    0    7    7    7    7    7    7    7    2    2    2    2    2   23   11   18   14   14 
   0    0    0    7    7    7    7    7    7    7    2    2    2    2    2   23   11   18   14   14 
   0    0    0    7    7    7    7    7    7    7    2    2    2    2    2   23   11   18   14   14 
  16   16   16   16   16   16   16   16    0    0    2    2    2    2    2   23   11   18    0    0 
  16   16   16   16   16   16   16   16    0    0    2    2    2    2    2    0   11    0    0    0 
  17   17   17   17   17   17   17   17   17    0    0    0    0    0    0    0   11    0    0    0 